#p-cost  : 1202.503173828125
#h-change: 1
#v-expans: 0
#cpu-time: 0.0
#beta-avg: 1.0
#degrees : 1.0
#nยบ-steps: 45

#AStar
1 1 -0.0
2 2 -0.0
3 3 -0.0
4 4 -0.0
5 5 -0.0
6 6 -0.0
7 7 -0.0
8 8 -0.0
9 9 -0.0
9 10 -0.0
10 11 -0.0
11 12 -0.0
12 13 -0.0
13 14 -0.0
14 15 -0.0
15 16 -0.0
16 17 -0.0
17 18 -0.0
18 19 -0.0
19 20 -0.0
20 21 -0.0
21 22 -0.0
22 23 -0.0
23 24 -0.0
24 25 -0.0
25 26 -0.0
26 27 -0.0
27 28 -0.0
28 29 -0.0
29 30 -0.0
30 31 -0.0
31 32 -0.0
32 33 -0.0
33 34 -0.0
34 35 -0.0
35 36 -0.0
36 37 -0.0
37 38 -0.0
38 39 -0.0
39 40 -0.0
40 40 -0.0
41 40 -0.0
42 40 -0.0
43 40 -0.0
44 40 -0.0
